     paraphrase_name   count     mean      std  min  25%  50%  75%  max
            Original  1493.0 7.361018 3.371185  0.0  5.0  9.0 10.0 10.0
         Bullet List  1489.0 7.341169 2.831596  0.0  5.0  8.0 10.0 10.0
    Curly Quotations  1493.0 7.156062 3.272339  0.0  5.0  9.0 10.0 10.0
       Em Dash Break  1489.0 7.150437 2.995999  0.0  5.0  8.0 10.0 10.0
        Spoiler Bars  1493.0 7.129940 3.323972  0.0  5.0  9.0 10.0 10.0
      Markdown Quote  1489.0 7.116185 3.219032  0.0  5.0  8.0 10.0 10.0
            Hashtags  1489.0 7.105440 2.998257  0.0  5.0  8.0 10.0 10.0
         Interrobang  1489.0 7.085964 3.089285  0.0  5.0  8.0 10.0 10.0
            All Caps  1489.0 7.081934 3.025652  0.0  5.0  8.0 10.0 10.0
       Markdown Bold  1493.0 7.077696 3.368855  0.0  5.0  9.0 10.0 10.0
    American English  1490.0 7.057047 3.088373  0.0  5.0  8.0 10.0 10.0
One Typo Punctuation  1489.0 7.056414 3.095833  0.0  5.0  8.0 10.0 10.0
Two Typos Punctuati…  1489.0 7.052384 3.114948  0.0  5.0  8.0 10.0 10.0
         Exam Prompt  1492.0 7.046917 3.192538  0.0  5.0  8.0 10.0 10.0
             No Caps  1489.0 7.046340 3.086108  0.0  5.0  8.0 10.0 10.0
         Extra Punct  1489.0 7.038281 3.098389  0.0  5.0  8.0 10.0 10.0
        Html Comment  1489.0 7.018805 3.109502  0.0  5.0  8.0 10.0 10.0
            Emoticon  1493.0 6.987944 3.424970  0.0  4.0  9.0 10.0 10.0
     Coord To Subord  1489.0 6.974480 3.208380  0.0  5.0  8.0 10.0 10.0
     Markdown Italic  1493.0 6.963831 3.432619  0.0  4.0  9.0 10.0 10.0
Three Typos Punctua…  1489.0 6.942243 3.166635  0.0  5.0  8.0 10.0 10.0
   All Caps And Typo  1493.0 6.939049 3.263398  0.0  5.0  8.0 10.0 10.0
         Casual Chat  1492.0 6.920912 3.149385  0.0  5.0  8.0 10.0 10.0
           Key Smash  1489.0 6.920081 3.168168  0.0  5.0  8.0 10.0 10.0
           Html Tags  1493.0 6.916946 3.457876  0.0  4.0  8.0 10.0 10.0
With Additional Con…  1493.0 6.915606 3.202647  0.0  4.0  8.0 10.0 10.0
Markdown Bold And I…  1493.0 6.906229 3.460702  0.0  4.0  8.0 10.0 10.0
     Missing Bracket  1489.0 6.883143 3.188697  0.0  5.0  8.0 10.0 10.0
           Inline Ad  1489.0 6.878442 3.090807  0.0  5.0  8.0 10.0 10.0
    Misplaced Commas  1489.0 6.878442 3.209215  0.0  5.0  8.0 10.0 10.0
Helpful Markdown St…  1493.0 6.876088 3.423433  0.0  4.0  8.0 10.0 10.0
         Forum Quote  1492.0 6.869303 3.318092  0.0  4.0  8.0 10.0 10.0
      Indirect Relay  1492.0 6.847855 3.395510  0.0  4.0  8.0 10.0 10.0
          Inline Url  1489.0 6.844191 3.086331  0.0  5.0  8.0 10.0 10.0
With Helpful Explan…  1493.0 6.834561 3.358409  0.0  4.0  8.0 10.0 10.0
               Emoji  1493.0 6.829203 3.530739  0.0  4.0  8.0 10.0 10.0
             Deadpan  1493.0 6.822505 3.430853  0.0  4.0  8.0 10.0 10.0
       Missing Quote  1489.0 6.821357 3.203501  0.0  5.0  8.0 10.0 10.0
Curly Quotations An…  7465.0 6.818620 3.389909  0.0  4.0  8.0 10.0 10.0
        Pseudo Cleft  1489.0 6.815984 3.368056  0.0  4.0  8.0 10.0 10.0
 Parenthetical Aside  1489.0 6.809268 3.139010  0.0  5.0  8.0 10.0 10.0
   Random Linebreaks  1489.0 6.780390 3.367818  0.0  4.0  8.0 10.0 10.0
   Emoticon And Typo  1493.0 6.778299 3.455929  0.0  4.0  8.0 10.0 10.0
     Hypothetical If  1493.0 6.777629 3.411086  0.0  4.0  8.0 10.0 10.0
      Might Be Wrong  1492.0 6.776810 3.586684  0.0  4.0  9.0 10.0 10.0
 With Personal Touch  1493.0 6.764903 3.402656  0.0  4.0  8.0 10.0 10.0
         Study Setup  1492.0 6.759383 3.491161  0.0  4.0  8.0 10.0 10.0
          Code Fence  1493.0 6.751507 3.410755  0.0  4.0  8.0 10.0 10.0
    Typo Extra Space  1489.0 6.724647 3.281701  0.0  4.0  8.0 10.0 10.0
            No Punct  1489.0 6.714574 3.343837  0.0  4.0  8.0 10.0 10.0
Helpful Meaning Rei…  1493.0 6.706631 3.573388  0.0  4.0  8.0 10.0 10.0
        Oxford Comma  1489.0 6.700470 3.261911  0.0  4.0  8.0 10.0 10.0
      Topicalization  1489.0 6.690396 3.381666  0.0  4.0  8.0 10.0 10.0
     Output Markdown  1493.0 6.689886 3.486994  0.0  4.0  8.0 10.0 10.0
   Several Html Tags  1493.0 6.677830 3.543680  0.0  4.0  8.0 10.0 10.0
           Qa Script  1492.0 6.670241 3.475483  0.0  4.0  8.0 10.0 10.0
     British English  1490.0 6.664430 3.244069  0.0  4.0  8.0 10.0 10.0
        With Similes  1493.0 6.656397 3.406028  0.0  4.0  8.0 10.0 10.0
       With Examples  1493.0 6.649699 3.265897  0.0  4.0  8.0 10.0 10.0
        Markdown Doc  1492.0 6.648794 3.427311  0.0  4.0  8.0 10.0 10.0
       Numbered List  1489.0 6.640027 3.282924  0.0  4.0  8.0 10.0 10.0
Missing Bracket And…  1489.0 6.640027 3.259298  0.0  4.0  8.0 10.0 10.0
All Caps And Typo A…  2986.0 6.633624 3.404460  0.0  4.0  8.0 10.0 10.0
           Modal May  1493.0 6.624246 3.498200  0.0  4.0  8.0 10.0 10.0
  Typo Missing Space  1489.0 6.618536 3.315138  0.0  4.0  8.0 10.0 10.0
      Emoji And Typo  1493.0 6.610851 3.543005  0.0  4.0  8.0 10.0 10.0
          Modal Must  1493.0 6.604153 3.555483  0.0  3.0  8.0 10.0 10.0
          Sic Marker  1492.0 6.603887 3.579779  0.0  4.0  8.0 10.0 10.0
     No Contractions  1493.0 6.602813 3.437830  0.0  4.0  8.0 10.0 10.0
               Email  1492.0 6.571716 3.238282  0.0  4.0  7.0 10.0 10.0
         Cleft It Is  1489.0 6.568167 3.441068  0.0  4.0  8.0 10.0 10.0
      With Analogies  1493.0 6.561956 3.350555  0.0  4.0  8.0 10.0 10.0
Emoticon And Typo A…  2986.0 6.556932 3.574094  0.0  3.0  8.0 10.0 10.0
 Tech Support Ticket  1492.0 6.552949 3.604418  0.0  3.0  8.0 10.0 10.0
Random Linebreaks A…  7465.0 6.546551 3.563053  0.0  3.0  8.0 10.0 10.0
               Tweet  1492.0 6.538874 3.558719  0.0  4.0  8.0 10.0 10.0
             Neutral  1493.0 6.529136 3.469127  0.0  4.0  8.0 10.0 10.0
    Bulleted Outline  1493.0 6.527127 3.108208  0.0  4.0  7.0  9.0 10.0
   With Case Studies  1493.0 6.506363 3.137936  0.0  4.0  7.0  9.0 10.0
              Casual  1490.0 6.485906 3.389848  0.0  4.0  8.0 10.0 10.0
Emoji And Typo And …  2986.0 6.484260 3.594047  0.0  3.0  8.0 10.0 10.0
        Contractions  1493.0 6.471534 3.336977  0.0  4.0  7.0 10.0 10.0
        Modal Should  1493.0 6.470194 3.627783  0.0  3.0  8.0 10.0 10.0
      With Metaphors  1493.0 6.464836 3.510937  0.0  3.0  8.0 10.0 10.0
     Ambiguous Scope  1493.0 6.444072 2.964104  0.0  4.0  7.0  9.0 10.0
   Typo Extra Letter  1489.0 6.442579 3.432661  0.0  4.0  8.0 10.0 10.0
With Examples And E…  1493.0 6.438044 3.112665  0.0  4.0  7.0  9.0 10.0
            Singlish  1490.0 6.413423 3.486454  0.0  4.0  7.0 10.0 10.0
              Urgent  1493.0 6.411922 3.720430  0.0  3.0  8.0 10.0 10.0
            Friendly  1493.0 6.404555 3.356164  0.0  4.0  7.0  9.0 10.0
                Aave  1490.0 6.400000 3.126137  0.0  4.0  7.0  9.0 10.0
       Second Person  1493.0 6.397187 3.418475  0.0  3.0  8.0  9.0 10.0
        Third Person  1493.0 6.395847 3.418238  0.0  3.0  8.0  9.0 10.0
           Statement  1493.0 6.389149 3.421555  0.0  3.0  8.0  9.0 10.0
           Confident  1493.0 6.387810 3.420924  0.0  3.0  7.0 10.0 10.0
           No Spaces  1489.0 6.383479 3.479011  0.0  3.0  8.0 10.0 10.0
            Positive  1493.0 6.380442 3.675685  0.0  3.0  8.0 10.0 10.0
       Exact Numbers  1490.0 6.373826 3.605903  0.0  3.0  8.0 10.0 10.0
        First Plural  1493.0 6.373074 3.319372  0.0  4.0  7.0  9.0 10.0
       Authoritative  1493.0 6.354990 3.354587  0.0  3.0  7.0 10.0 10.0
   With Tldr Summary  1493.0 6.352311 3.458552  0.0  3.0  7.0 10.0 10.0
 Typo Missing Letter  1489.0 6.351914 3.442851  0.0  3.0  7.0 10.0 10.0
        Lighthearted  1493.0 6.350971 3.668949  0.0  3.0  8.0 10.0 10.0
Typo Repeated Lette…  1489.0 6.350571 3.456625  0.0  3.0  7.0 10.0 10.0
Acronyms Spelled Out  1493.0 6.336906 3.255181  0.0  4.0  7.0 10.0 10.0
       Fuzzy Numbers  1490.0 6.335570 3.498461  0.0  3.0  7.0 10.0 10.0
With Emotional Appe…  1493.0 6.334226 3.439658  0.0  3.0  7.0  9.0 10.0
      Nominalization  1489.0 6.328408 3.528914  0.0  3.0  8.0 10.0 10.0
Typo Swap And Punct…  1489.0 6.328408 3.458511  0.0  3.0  7.0 10.0 10.0
         Formal Memo  1492.0 6.327078 3.451337  0.0  3.0  7.0 10.0 10.0
       Typo Adjacent  1489.0 6.321692 3.451946  0.0  3.0  7.0  9.0 10.0
          Apologetic  1493.0 6.316142 3.231545  0.0  4.0  7.0  9.0 10.0
     Short Paragraph  1493.0 6.314133 3.478744  0.0  3.0  7.0 10.0 10.0
          Past Tense  1493.0 6.312123 3.469375  0.0  3.0  7.0  9.0 10.0
        With Summary  1493.0 6.310784 3.502373  0.0  3.0  7.0 10.0 10.0
  Australian English  1490.0 6.302013 3.311264  0.0  4.0  7.0  9.0 10.0
       Meta Question  1492.0 6.300938 3.510631  0.0  3.0  7.0 10.0 10.0
   Typo Wrong Letter  1489.0 6.289456 3.514777  0.0  3.0  7.0 10.0 10.0
                Warm  1493.0 6.288681 3.446701  0.0  3.0  7.0  9.0 10.0
      Typo Transpose  1489.0 6.280725 3.479457  0.0  3.0  7.0 10.0 10.0
     Direct Question  1493.0 6.275954 3.396527  0.0  3.0  7.0  9.0 10.0
           Checklist  1489.0 6.274009 3.239977  0.0  4.0  7.0  9.0 10.0
         Wh Question  1493.0 6.257870 3.497195  0.0  3.0  7.0  9.0 10.0
                Memo  1492.0 6.257373 3.518388  0.0  3.0  7.0 10.0 10.0
      Polite Request  1493.0 6.256530 3.417032  0.0  3.0  7.0  9.0 10.0
           Pun Based  1493.0 6.255861 3.633537  0.0  3.0  8.0 10.0 10.0
     Emergency Alert  1492.0 6.252681 3.609524  0.0  3.0  7.0 10.0 10.0
           Inversion  1489.0 6.251847 3.610818  0.0  3.0  8.0 10.0 10.0
            Informal  1493.0 6.245144 3.506245  0.0  3.0  7.0  9.0 10.0
With Technical Deta…  1493.0 6.243804 3.262351  0.0  4.0  7.0  9.0 10.0
             Hopeful  1493.0 6.240455 3.611558  0.0  3.0  7.0 10.0 10.0
      First Singular  1493.0 6.237776 3.399120  0.0  3.0  7.0  9.0 10.0
           Typo Swap  1489.0 6.235729 3.482122  0.0  3.0  7.0  9.0 10.0
Impersonal One Shou…  1493.0 6.226390 3.441729  0.0  3.0  7.0  9.0 10.0
      Validator Pass  1493.0 6.220362 3.601878  0.0  3.0  7.0 10.0 10.0
     With Statistics  1493.0 6.215003 3.375513  0.0  3.0  7.0  9.0 10.0
           Spanglish  1490.0 6.210067 3.561345  0.0  3.0  7.0 10.0 10.0
        Future Tense  1493.0 6.201608 3.462971  0.0  3.0  7.0  9.0 10.0
             Command  1493.0 6.195579 3.381753  0.0  3.0  7.0  9.0 10.0
          Suggestion  1493.0 6.195579 3.460510  0.0  3.0  7.0  9.0 10.0
            Greeting  1493.0 6.188212 3.418146  0.0  3.0  7.0  9.0 10.0
    Expert Consensus  1493.0 6.183523 3.465622  0.0  3.0  7.0  9.0 10.0
With Counterargumen…  1493.0 6.180174 3.190398  0.0  4.0  7.0  9.0 10.0
    Timestamped Chat  1492.0 6.174263 3.622781  0.0  3.0  7.0 10.0 10.0
       Passive Voice  1493.0 6.172806 3.508264  0.0  3.0  7.0  9.0 10.0
        Legal Jargon  1490.0 6.167785 3.531880  0.0  3.0  7.0 10.0 10.0
   With Step By Step  1493.0 6.151373 3.505816  0.0  3.0  7.0 10.0 10.0
     Therapy Session  1492.0 6.141421 3.721812  0.0  3.0  7.0 10.0 10.0
Journalist Interview  1492.0 6.129357 3.679117  0.0  3.0  7.0 10.0 10.0
      With Rebuttals  1493.0 6.121902 3.287581  0.0  3.0  7.0  9.0 10.0
      Typo Homophone  1489.0 6.118200 3.527846  0.0  3.0  7.0  9.0 10.0
         Very Formal  1490.0 6.114765 3.626573  0.0  3.0  7.0  9.0 10.0
         Garden Path  1493.0 6.107837 3.655181  0.0  3.0  7.0 10.0 10.0
             Apology  1493.0 6.102478 3.424337  0.0  3.0  7.0  9.0 10.0
           Edit Typo  1492.0 6.099866 3.480146  0.0  3.0  7.0  9.0 10.0
      Step Rationale  1493.0 6.099799 2.989496  0.0  4.0  6.0  9.0 10.0
         Typo Random  1489.0 6.092008 3.512879  0.0  3.0  7.0  9.0 10.0
         Exclamation  1493.0 6.089752 3.459840  0.0  3.0  7.0  9.0 10.0
     Formal Business  1493.0 6.081045 3.561899  0.0  3.0  7.0  9.0 10.0
With Detailed Instr…  1493.0 6.068989 3.531730  0.0  3.0  7.0 10.0 10.0
      Ellipsis Style  1493.0 6.055593 3.411499  0.0  3.0  7.0  9.0 10.0
    Self Deprecating  1493.0 6.043537 3.765065  0.0  2.0  7.0 10.0 10.0
     Nested Question  1493.0 6.032820 3.521991  0.0  3.0  7.0  9.0 10.0
      Child Directed  1493.0 6.016745 3.545244  0.0  3.0  7.0  9.0 10.0
                 Pun  1493.0 5.973208 3.752651  0.0  2.0  7.0 10.0 10.0
        Enthusiastic  1493.0 5.971869 3.651436  0.0  3.0  7.0  9.0 10.0
         Deferential  1493.0 5.963831 3.466040  0.0  3.0  7.0  9.0 10.0
     Multi Paragraph  1493.0 5.960482 3.444959  0.0  3.0  7.0  9.0 10.0
   Indirect Question  1493.0 5.944407 3.561635  0.0  3.0  7.0  9.0 10.0
Typo Swap And Trans…  1489.0 5.942243 3.586398  0.0  3.0  7.0  9.0 10.0
             Litotes  1493.0 5.936370 3.754439  0.0  2.0  7.0  9.0 10.0
With Stream Of Cons…  1493.0 5.918285 3.621135  0.0  3.0  7.0  9.0 10.0
           Footnotes  1493.0 5.916276 3.392799  0.0  3.0  6.0  9.0 10.0
             Playful  1493.0 5.902880 3.873236  0.0  2.0  7.0 10.0 10.0
        Dynamic Quiz  1493.0 5.900201 3.490520  0.0  3.0  6.0  9.0 10.0
      Fashion Jargon  1490.0 5.881208 3.630885  0.0  3.0  7.0  9.0 10.0
         Malapropism  1493.0 5.864702 3.805304  0.0  2.0  7.0 10.0 10.0
        Tag Question  1493.0 5.860683 3.623262  0.0  2.0  7.0  9.0 10.0
   Fact Check Inline  1493.0 5.856664 3.277321  0.0  3.0  7.0  9.0 10.0
  Chinese Simplified  1490.0 5.854362 3.468887  0.0  3.0  7.0  9.0 10.0
               Scots  1490.0 5.846980 3.660098  0.0  2.0  7.0  9.0 10.0
                 Sms  1492.0 5.846515 3.876000  0.0  2.0  7.0 10.0 10.0
    Musical Notation  1493.0 5.845278 3.672707  0.0  2.0  7.0  9.0 10.0
      With Citations  1493.0 5.808439 3.160074  0.0  3.0  6.0  9.0 10.0
           Legalease  1493.0 5.808439 3.814324  0.0  2.0  7.0  9.0 10.0
       Gaming Jargon  1490.0 5.806040 3.726995  0.0  2.0  7.0  9.0 10.0
     Role Expert Cot  1493.0 5.801072 2.781825  0.0  4.0  6.0  8.0 10.0
               Silly  1493.0 5.793034 3.874804  0.0  2.0  7.0 10.0 10.0
     Culinary Jargon  1490.0 5.776510 3.694929  0.0  2.0  7.0  9.0 10.0
     Roleplay Knight  1492.0 5.765416 3.831975  0.0  2.0  7.0 10.0 10.0
         Output Json  1493.0 5.764903 3.539179  0.0  2.0  6.0  9.0 10.0
        Two Sentence  1493.0 5.763563 3.590979  0.0  2.0  6.0  9.0 10.0
     Formal Academic  1493.0 5.760884 3.557234  0.0  2.0  7.0  9.0 10.0
See Attached Diagram  1493.0 5.753516 3.825210  0.0  2.0  6.0 10.0 10.0
 Rhetorical Question  1493.0 5.741460 3.660180  0.0  2.0  7.0  9.0 10.0
              Yes No  1493.0 5.735432 3.646815  0.0  2.0  7.0  9.0 10.0
       90Char Bullet  1493.0 5.730074 3.610587  0.0  2.0  6.0  9.0 10.0
       Sports Jargon  1490.0 5.718792 3.757882  0.0  2.0  7.0  9.0 10.0
       Output Python  1493.0 5.704622 3.427019  0.0  3.0  6.0  9.0 10.0
       Rubric Scored  1493.0 5.697924 3.241277  0.0  3.0  6.0  9.0 10.0
 Summary Then Detail  1493.0 5.696584 3.292240  0.0  3.0  6.0  9.0 10.0
             Spanish  1490.0 5.679195 3.758729  0.0  2.0  7.0  9.0 10.0
Nested Parenthetica…  1493.0 5.665104 3.579858  0.0  3.0  6.0  9.0 10.0
            Legalese  1490.0 5.651678 3.745086  0.0  2.0  7.0  9.0 10.0
           Technical  1493.0 5.646350 3.715166  0.0  2.0  7.0  9.0 10.0
             Archaic  1493.0 5.638312 3.359262  0.0  3.0  6.0  9.0 10.0
       Dual Audience  1493.0 5.635633 3.136718  0.0  3.0  6.0  8.0 10.0
         Empty Input  1493.0 5.624916 3.803303  0.0  2.0  6.0  9.0 10.0
               Witty  1493.0 5.622907 3.840721  0.0  2.0  7.0  9.0 10.0
         Random Caps  1489.0 5.617864 3.590381  0.0  2.0  6.0  9.0 10.0
        Table Layout  1489.0 5.601746 3.593119  0.0  2.0  6.0  9.0 10.0
        Bureaucratic  1493.0 5.601474 3.615935  0.0  2.0  6.0  9.0 10.0
          Colloquial  1493.0 5.601474 3.594183  0.0  2.0  6.0  9.0 10.0
            Hinglish  1490.0 5.582550 3.660394  0.0  2.0  6.0  9.0 10.0
                Joke  1493.0 5.557937 3.839983  0.0  2.0  6.0  9.0 10.0
    React Tool Calls  1493.0 5.547890 3.333539  0.0  3.0  6.0  9.0 10.0
     Single Sentence  1493.0 5.539853 3.627686  0.0  2.0  6.0  9.0 10.0
      Finance Jargon  1490.0 5.531544 3.679670  0.0  2.0  6.0  9.0 10.0
          Melancholy  1493.0 5.526457 3.839456  0.0  1.0  7.0  9.0 10.0
         Euphemistic  1490.0 5.492617 3.607359  0.0  2.0  6.0  9.0 10.0
Recursive Self Refe…  1493.0 5.491628 3.684176  0.0  2.0  6.0  9.0 10.0
       Advertisement  1492.0 5.477882 3.564136  0.0  2.0  6.0  9.0 10.0
         Output Yaml  1493.0 5.464166 3.534902  0.0  2.0  6.0  9.0 10.0
         Gamer Slang  1490.0 5.461074 3.710317  0.0  2.0  6.0  9.0 10.0
              Vulgar  1490.0 5.459060 3.757062  0.0  2.0  6.0  9.0 10.0
           Few Words  1493.0 5.425318 3.658598  0.0  2.0  6.0  9.0 10.0
                Rude  1493.0 5.410583 3.942729  0.0  1.0  6.0  9.0 10.0
             Profane  1493.0 5.407904 3.830051  0.0  1.0  6.0  9.0 10.0
           Absurdist  1493.0 5.394508 3.390832  0.0  3.0  6.0  9.0 10.0
   Evidence Cited Md  1493.0 5.379772 3.117845  0.0  3.0  6.0  8.0 10.0
      Numbered Steps  1493.0 5.377763 3.846671  0.0  1.0  6.0  9.0 10.0
         Output Html  1493.0 5.364367 3.402785  0.0  2.0  6.0  9.0 10.0
            Dogmatic  1493.0 5.353650 3.779200  0.0  2.0  6.0  9.0 10.0
   Paradox Statement  1493.0 5.350971 3.773061  0.0  2.0  6.0  9.0 10.0
    Comparison Table  1493.0 5.306095 3.266237  0.0  3.0  6.0  8.0 10.0
  Risks And Benefits  1493.0 5.278634 2.761048  0.0  3.0  5.0  7.0 10.0
            Dramatic  1493.0 5.265908 3.896227  0.0  1.0  6.0  9.0 10.0
            Humorous  1493.0 5.259210 3.814629  0.0  1.0  6.0  9.0 10.0
             Paradox  1493.0 5.251172 3.888080  0.0  1.0  6.0  9.0 10.0
             Negated  1493.0 5.249163 3.989036  0.0  1.0  6.0  9.0 10.0
           Insulting  1493.0 5.236437 3.859421  0.0  1.0  6.0  9.0 10.0
    Redundant Waffle  1493.0 5.225050 3.989966  0.0  1.0  6.0  9.0 10.0
         Slang Heavy  1490.0 5.219463 3.770555  0.0  1.0  6.0  9.0 10.0
       Error Message  1492.0 5.206434 3.918042  0.0  1.0  5.0  9.0 10.0
      Medical Jargon  1490.0 5.182550 3.790549  0.0  1.0  5.0  9.0 10.0
     Choice Question  1493.0 5.173476 3.986074  0.0  1.0  5.0  9.0 10.0
        Debate Turns  1492.0 5.172252 3.726456  0.0  1.0  5.5  9.0 10.0
          Sms Abbrev  1489.0 5.146407 3.710643  0.0  1.0  5.0  9.0 10.0
    Self Consistency  1493.0 5.142666 2.977644  0.0  3.0  5.0  7.0 10.0
             Cynical  1493.0 5.111855 3.587504  0.0  2.0  5.0  9.0 10.0
  Checklist Markdown  1493.0 5.093771 3.150266  0.0  3.0  5.0  8.0 10.0
     Marketing Speak  1490.0 5.085235 3.876552  0.0  1.0  5.0  9.0 10.0
            Sardonic  1493.0 5.066309 3.889771  0.0  1.0  6.0  9.0 10.0
         Shakespeare  1493.0 5.055593 3.821976  0.0  1.0  5.0  9.0 10.0
Plan Execute Reflect  1493.0 5.050904 3.109715  0.0  3.0  5.0  8.0 10.0
 With Research Paper  1493.0 4.989283 3.808575  0.0  1.0  5.0  9.0 10.0
   Contradictory Ask  1493.0 4.959812 3.484703  0.0  2.0  4.0  9.0 10.0
      Physics Jargon  1490.0 4.947651 3.777022  0.0  1.0  5.0  9.0 10.0
          Minimalist  1493.0 4.930342 3.847352  0.0  1.0  5.0  9.0 10.0
              Salesy  1493.0 4.929672 3.888494  0.0  1.0  5.0  9.0 10.0
             Cockney  1490.0 4.921477 3.737330  0.0  1.0  5.0  9.0 10.0
              German  1490.0 4.909396 3.908865  0.0  0.0  5.0  9.0 10.0
          Output Csv  1493.0 4.907569 3.472145  0.0  2.0  5.0  8.0 10.0
              French  1490.0 4.873154 3.910090  0.0  0.0  5.0  9.0 10.0
              Jargon  1493.0 4.852646 3.787731  0.0  1.0  5.0  9.0 10.0
           Marketing  1493.0 4.823845 3.890825  0.0  0.0  5.0  9.0 10.0
Role Expert Cot Wit…  5972.0 4.799230 2.512280  0.0  3.0  5.0  7.0 10.0
           Skeptical  1493.0 4.794374 3.951098  0.0  0.0  5.0  9.0 10.0
     Chemical Smiles  1493.0 4.752177 3.515411  0.0  2.0  4.0  8.0 10.0
     Software Jargon  1490.0 4.696644 3.820949  0.0  1.0  5.0  9.0 10.0
          Output Sql  1493.0 4.695244 3.528165  0.0  1.0  4.0  8.0 10.0
              Ironic  1493.0 4.661755 3.906771  0.0  0.0  4.0  9.0 10.0
             Surreal  1493.0 4.645010 3.952623  0.0  0.0  4.0  9.0 10.0
            Csv Line  1489.0 4.643385 3.654762  0.0  1.0  5.0  8.0 10.0
           Sarcastic  1493.0 4.537843 3.984312  0.0  0.0  4.0  9.0 10.0
         Json Format  1492.0 4.444370 3.698422  0.0  1.0  4.0  8.0 10.0
   Socratic Dialogue  1493.0 4.421969 3.298200  0.0  2.0  4.0  7.0 10.0
   Sentence Fragment  1493.0 4.387810 3.849067  0.0  0.0  4.0  8.0 10.0
       Roman Numeral  1490.0 4.343624 3.854651  0.0  0.0  4.0  8.0 10.0
           Rap Verse  1492.0 4.300938 3.867167  0.0  0.0  4.0  8.0 10.0
 Scientific Notation  1490.0 4.273826 3.786644  0.0  0.0  3.0  8.0 10.0
          Leet Speak  1489.0 4.166555 3.921670  0.0  0.0  3.0  8.0 10.0
     Double Negative  1493.0 4.155392 3.943124  0.0  0.0  3.0  8.0 10.0
       News Headline  1492.0 4.128686 3.954240  0.0  0.0  3.0  8.0 10.0
Condensed Then Expa… 17916.0 4.075966 2.799422  0.0  2.0  4.0  6.0 10.0
          Yaml Block  1492.0 4.047587 3.654387  0.0  1.0  3.0  8.0 10.0
 Typo Missing Vowels  1489.0 3.961048 3.721824  0.0  0.0  3.0  8.0 10.0
           Esperanto  1490.0 3.960403 3.736868  0.0  0.0  3.0  8.0 10.0
       Regex Pattern  1492.0 3.843834 3.828361  0.0  0.0  2.0  8.0 10.0
        Fewest Words  1493.0 3.703952 3.635278  0.0  0.0  3.0  7.0 10.0
             Csv Row  1492.0 3.605228 3.397091  0.0  0.0  3.0  6.0 10.0
             Lyrical  1493.0 3.507033 3.840239  0.0  0.0  2.0  7.0 10.0
              Poetic  1493.0 3.245144 3.798571  0.0  0.0  1.0  7.0 10.0
               Haiku  1492.0 3.209115 3.739574  0.0  0.0  1.0  6.0 10.0
         Sql Snippet  1492.0 3.207105 3.729719  0.0  0.0  1.0  6.0 10.0
      Small Hex Blob  1493.0 2.328198 3.618835  0.0  0.0  0.0  4.0 10.0
             Klingon  1490.0 1.038926 2.547038  0.0  0.0  0.0  0.0 10.0
          Emoji Only  1490.0 0.993960 2.383758  0.0  0.0  0.0  0.0 10.0
              Base64  1489.0 0.970450 2.241576  0.0  0.0  0.0  0.0 10.0
       Reversed Text  1489.0 0.639355 1.941575  0.0  0.0  0.0  0.0 10.0
          Morse Code  1490.0 0.567114 1.883403  0.0  0.0  0.0  0.0 10.0
               Rot13  1489.0 0.460040 1.626369  0.0  0.0  0.0  0.0 10.0